DFDC Version 0.7
Lewis with Rotor

OPER
!        Vinf         Vref          RPM
    20.0     20.0     1000.0
!         Rho          Vso          Rmu           Alt
    1.226     340.0     1.78e-5     0.0
!       XDwake        Nwake
    1.0     20
!       Lwkrlx
    F

ENDOPER

AERO
!  #sections
    1
!   Xisection
    0.0
!       A0deg        dCLdA        CLmax         CLmin
    0.0     6.28     1.5     -1.0
!  dCLdAstall     dCLstall      Cmconst         Mcrit
    0.5     0.2     0.0     0.7
!       CDmin      CLCDmin     dCDdCL^2
    0.012     0.1     0.005
!       REref        REexp
    200000.0     0.35
ENDAERO

ROTOR
!       Xdisk        Nblds       NRPdef
    0.5     5     11
!  #stations
    10
!           r        Chord         Beta
    0.16     0.089142     69.012
    0.22669722222222222     0.079785     59.142
    0.29339444444444446     0.0713     51.825
    0.36009166666666664     0.063979     46.272
    0.4267888888888889     0.057777     41.952
    0.4934861111111111     0.052541     38.509
    0.5601833333333334     0.048103     35.699
    0.6268805555555556     0.044316     33.354
    0.6935777777777777     0.041061     31.349
    0.760275     0.038243     29.596
ENDROTOR

GEOM
Lewis with Rotor
    0.0     1.959434878635765e-17
    0.0005464811189328234     0.013212695275573156
    0.0021821914555644195     0.026335134444917446
    0.004895957449707111     0.03927767794252785
    0.008669241327898453     0.05195191507274938
    0.013476267735190811     0.0642712679444751
    0.019284199806961777     0.0761515828859318
    0.026053363477995445     0.0875117052995883
    0.03373751849657705     0.09827403403034687
    0.04228417429229894     0.10836505146011856
    0.05163494853988146     0.11771582570770107
    0.06172596596965316     0.12626248150342298
    0.07248829470041172     0.1339466365220046
    0.08384841711406824     0.14071580019303825
    0.0957287320555249     0.1465237322648092
    0.10804808492725065     0.15133075867210155
    0.12072232205747215     0.15510404255029286
    0.13366486555508258     0.15781780854443558
    0.14678730472442683     0.15945351888106718
    0.16     0.16
    0.18617993877991496     0.16
    0.21235987755982988     0.16
    0.23853981633974483     0.16
    0.2647197551196598     0.16
    0.2908996938995747     0.16
    0.3170796326794897     0.16
    0.34325957145940456     0.16
    0.36943951023931954     0.16
    0.3956194490192345     0.16
    0.4217993877991494     0.16
    0.44797932657906436     0.16
    0.47415926535897934     0.16
    0.5003392041388942     0.16
    0.5265191429188092     0.16
    0.5526990816987242     0.16
    0.578879020478639     0.16
    0.605058959258554     0.16
    0.631238898038469     0.16
    0.6574188368183839     0.16
    0.6835987755982988     0.16
    0.7097787143782138     0.16
    0.7359586531581287     0.16
    0.7621385919380437     0.16
    0.7896377468499508     0.15272727272727274
    0.8171369017618578     0.14545454545454545
    0.844636056673765     0.13818181818181818
    0.8721352115856721     0.13090909090909092
    0.8996343664975792     0.12363636363636364
    0.9271335214094862     0.11636363636363636
    0.9546326763213934     0.10909090909090909
    0.9821318312333005     0.10181818181818182
    1.0096309861452075     0.09454545454545454
    1.0371301410571148     0.08727272727272727
    1.0646292959690218     0.08
    1.0921284508809288     0.07272727272727272
    1.119627605792836     0.06545454545454545
    1.147126760704743     0.058181818181818175
    1.17462591561665     0.050909090909090904
    1.2021250705285573     0.04363636363636363
    1.2296242254404643     0.036363636363636355
    1.2571233803523716     0.029090909090909084
    1.2846225352642786     0.021818181818181813
    1.3121216901761856     0.014545454545454539
    1.3396208450880929     0.007272727272727265
  999.0 999.0
    1.0     0.835
    0.993844     0.834496
    0.975528     0.832676
    0.945503     0.828558
    0.904509     0.820991
    0.853553     0.810449
    0.793893     0.797709
    0.726995     0.784153
    0.654509     0.771912
    0.578217     0.764112
    0.5     0.7605
    0.421783     0.760275
    0.345492     0.762716
    0.273005     0.767502
    0.206107     0.774294
    0.146447     0.7827
    0.095492     0.792384
    0.054497     0.802639
    0.024472     0.812809
    0.006156     0.822477
    0.0     0.835
    0.006156     0.847523
    0.024472     0.857191
    0.054497     0.867361
    0.095492     0.877616
    0.146447     0.8873
    0.206107     0.895706
    0.273005     0.902498
    0.345492     0.907284
    0.421783     0.909725
    0.5     0.9095
    0.578217     0.905888
    0.654509     0.898088
    0.726995     0.885847
    0.793893     0.872291
    0.853553     0.859551
    0.904509     0.849009
    0.945503     0.841442
    0.975528     0.837324
    0.993844     0.835504
    1.0     0.835
ENDGEOM
