DFDC Version 0.70
FatDuct + CB test case

OPER
! Vinf    Vref     RPM
  20.0     20.0     8000
! Rho     Mu       Vso     altkm
  0.0     0.0      0.0     0.0
! XDwake  Nwake
  0.1     20
! Lwkrlx
  F
ENDOPER

ACTDISK
! Xdisk   NRPdef
  0.05     11
! #stations
  3
! r     BGam
 0.02   0.0
 0.06   0.0
 0.10   0.0
ENDACTDISK


AERO
! #sections
  1
! Xisect
  0.0
! A0deg        dCLda      CLmax   CLmin
  0.0          6.28       1.5     -1.0
! dCLda_stall  dCL_stall  CM      Mcrit
  0.5          0.2        0.0     0.7
! CDmin        CL@CDmin   dCDdCL2
  0.012        0.1        0.005
! REref        REexp
  200000.      0.35
ENDAERO

GEOM
Sm. centerbody
0.0 1.959434878635765e-17
0.0022165744517793845 0.026508356229941663
0.008851922471228294 0.052458569975168776
0.019863011280247884 0.07719291577380673
0.035178429742609235 0.10008318017434358
0.054698851492574106 0.12045583354158944
0.07829767910449183 0.13756595190520027
0.1058218651256836 0.1505502023114588
0.13709290464790272 0.15835952155720223
0.17190799298016213 0.16
0.21004134091497823 0.16
0.25124563905802383 0.16
0.29525366172445106 0.16
0.34178000000000003 0.16
0.3905229127273282 0.16
0.4411662834132042 0.16
0.49338167036526953 0.16
0.546830436762447 0.16
0.6011659468446713 0.16
0.6560358139788081 0.16
0.7110841860211918 0.16
0.7659540531553286 0.15973940996798805
0.8202895632375526 0.14462075811928324
0.8737383296347302 0.1304851127761579
0.9259537165867955 0.11667566045084794
0.9765970872726717 0.10328196074080602
1.0253400000000001 0.09039087692823726
1.0718663382755487 0.07808601263838223
1.115874360941976 0.06644716963792552
1.1570786590850217 0.05554983028991666
1.1952120070198375 0.045464668021681
1.2300270953520969 0.03625708898052305
1.2612981348743162 0.027986807849763623
1.288822320895508 0.020707460576103783
1.3124211485074257 0.01446625651992858
1.3319415702573907 0.009303672284489573
1.347256988719752 0.00525318920959999
1.3582680775287714 0.002341076232298869
1.3649034255482204 0.0005862195227136785
1.36712 1.1453475307040285e-18
999.0 999.0
1.0 6.835
0.9983786540671049 6.834876695790868
0.9935251313189564 6.83446805216371
0.985470908713026 6.833714656180896
0.9742682209735727 6.832536647630421
0.9599897218294121 6.830760483996073
0.9427280128266049 6.828091654136433
0.9225950427718973 6.824518381699594
0.8997213817017504 6.820013126309726
0.8742553740855504 6.814778336660872
0.8463621767547997 6.808924243397765
0.8162226877976886 6.802473088564691
0.7840323733655779 6.795639689682528
0.7500000000000001 6.788720345377994
0.7143462807015272 6.781721237580267
0.6773024435212678 6.775350341980346
0.6391087319582263 6.7698451928886625
0.600012846888022 6.7657775209594515
0.5602683401276616 6.76296312116384
0.5201329700547076 6.76104835935474
0.4798670299452924 6.760182565285266
0.4397316598723385 6.760065842042649
0.39998715311197774 6.760726717137564
0.3608912680417736 6.762019792507637
0.3226975564787321 6.763956234830918
0.2856537192984729 6.76649370927672
0.25000000000000006 6.769563353640298
0.21596762663442204 6.773150922737584
0.1837773122023113 6.777138633604267
0.1536378232452003 6.781561200136122
0.12574462591444946 6.786310647869391
0.10027861829824941 6.791377911769812
0.07740495722810259 6.7965949824418885
0.057271987173395045 6.801886545788622
0.04001027817058789 6.807247170807283
0.02573177902642726 6.81236674429112
0.014529091286973994 6.817271533976831
0.006474868681043577 6.82225598206473
0.0016213459328949797 6.83061808084195
0.0 6.835
0.0016213459328949797 6.83938191915805
0.006474868681043577 6.84774401793527
0.014529091286973994 6.852728466023169
0.02573177902642726 6.85763325570888
0.04001027817058789 6.862752829192717
0.057271987173395045 6.868113454211378
0.07740495722810259 6.873405017558111
0.10027861829824941 6.878622088230188
0.12574462591444946 6.883689352130609
0.1536378232452003 6.888438799863878
0.1837773122023113 6.892861366395733
0.21596762663442204 6.8968490772624165
0.25000000000000006 6.900436646359703
0.2856537192984729 6.90350629072328
0.3226975564787321 6.906043765169082
0.3608912680417736 6.907980207492363
0.39998715311197774 6.909273282862436
0.4397316598723385 6.909934157957352
0.4798670299452924 6.909817434714734
0.5201329700547076 6.90895164064526
0.5602683401276616 6.90703687883616
0.600012846888022 6.904222479040548
0.6391087319582263 6.900154807111337
0.6773024435212678 6.894649658019654
0.7143462807015272 6.888278762419733
0.7500000000000001 6.881279654622006
0.7840323733655779 6.8743603103174715
0.8162226877976886 6.867526911435309
0.8463621767547997 6.861075756602235
0.8742553740855504 6.855221663339128
0.8997213817017504 6.849986873690275
0.9225950427718973 6.845481618300406
0.9427280128266049 6.841908345863567
0.9599897218294121 6.839239516003927
0.9742682209735727 6.837463352369579
0.985470908713026 6.836285343819104
0.9935251313189564 6.83553194783629
0.9983786540671049 6.835123304209132
1.0 6.835
ENDGEOM