DFDC Disk 1 Airfoil
2000000.0
0.15
-90.0 -1.83247422837987 0.5536068691841667
-89.0 -1.8220217655802948 0.5470652926058168
-88.0 -1.8115693027807196 0.5405237160274673
-87.0 -1.8011168399811444 0.5339821394491175
-86.0 -1.7906643771815691 0.527440562870768
-85.0 -1.7802119143819939 0.5208989862924186
-84.0 -1.7697594515824187 0.5143574097140692
-83.0 -1.7593069887828434 0.5078158331357198
-82.0 -1.7488545259832682 0.5012742565573706
-81.0 -1.738402063183693 0.4947326799790213
-80.0 -1.7279496003841177 0.48819110340067223
-79.0 -1.7174971375845425 0.4816495268223231
-78.0 -1.7070446747849672 0.4751079502439741
-77.0 -1.6965922119853918 0.46856637366562504
-76.0 -1.6861397491858168 0.4620247970872763
-75.0 -1.6756872863862413 0.45548322050892726
-74.0 -1.665234823586666 0.44894164393057845
-73.0 -1.6547823607870908 0.44240006735222975
-72.0 -1.6443298979875156 0.43585849077388106
-71.0 -1.6338774351879404 0.4293169141955325
-70.0 -1.6234249723883651 0.4227753376171839
-69.0 -1.61297250958879 0.4162337610388354
-68.0 -1.6025200467892147 0.40969218446048694
-67.0 -1.5920675839896394 0.40315060788213863
-66.0 -1.5816151211900642 0.3966090313037902
-65.0 -1.571162658390489 0.3900674547254419
-64.0 -1.5607101955909137 0.38352587814709366
-63.0 -1.5502577327913385 0.3769843015687455
-62.0 -1.5398052699917633 0.37044272499039727
-61.0 -1.529352807192188 0.36390114841204924
-60.0 -1.5189003443926128 0.3573595718337011
-59.0 -1.5084478815930376 0.3508179952553531
-58.0 -1.4979954187934623 0.34427641867700515
-57.0 -1.487542955993887 0.33773484209865723
-56.0 -1.4770904931943118 0.33119326552030925
-55.0 -1.4666380303947366 0.32465168894196145
-54.0 -1.4561855675951612 0.31811011236361353
-53.0 -1.4457331047955861 0.3115685357852659
-52.0 -1.4352806419960107 0.30502695920691797
-51.0 -1.4248281791964357 0.29848538262857033
-50.0 -1.4143757163968602 0.2919438060502226
-49.0 -1.4039232535972852 0.285402229471875
-48.0 -1.3934707907977097 0.2788606528935273
-47.0 -1.3830183279981345 0.27231907631517965
-46.0 -1.3725658651985593 0.2657774997368321
-45.0 -1.362113402398984 0.2592359231584846
-44.0 -1.3516609395994088 0.2526943465801371
-43.0 -1.3412084767998336 0.24615277000178964
-42.0 -1.3307560140002583 0.2396111934234422
-41.0 -1.320303551200683 0.23306961684509478
-40.0 -1.3098510884011079 0.2265280402667474
-39.0 -1.2993986256015326 0.2199864636884
-38.0 -1.2889461628019574 0.21344488711005266
-37.0 -1.2784937000023822 0.20690331053170533
-36.0 -1.268041237202807 0.200361733953358
-35.0 -1.2575887744032317 0.1938201573750107
-34.0 -1.2471363116036565 0.18727858079666346
-33.0 -1.2366838488040812 0.18073700421831618
-32.0 -1.226231386004506 0.17419542763996892
-31.0 -1.2157789232049305 0.16765385106162156
-30.0 -1.2053264604053555 0.16111227448327448
-29.0 -1.19487399760578 0.15457069790492714
-28.0 -1.184421534806205 0.14802912132658008
-27.0 -1.1739690720066296 0.14148754474823277
-26.0 -1.1635166092070546 0.13494596816988572
-25.0 -1.1530641464074791 0.12840439159153844
-24.0 -1.142611683607904 0.12186281501319138
-23.0 -1.1321592208083286 0.1153212384348441
-22.0 -1.1217067580087534 0.10877966185649694
-21.0 -1.111254295209178 0.10223808527814966
-20.0 -1.100801832409603 0.09569650869980266
-19.0 -1.0903493696100277 0.08915493212145552
-18.0 -1.0798969068104525 0.08261335554310839
-17.0 -1.069480584088464 0.0760943968960196
-16.0 -1.059547230271473 0.06987769984388524
-15.0 -1.0492562593627692 0.06343719146268685
-14.0 -1.0357871135993515 0.05505278990838719
-13.0 -1.0195852458920687 0.051609613095881794
-12.0 -0.9972348223544955 0.046147905550386246
-11.0 -0.965967581627428 0.043099037477663076
-10.0 -0.9289126469501193 0.04072229246339914
-9.0 -0.878113641829627 0.038447493589529126
-8.0 -0.8121512515214497 0.03667302127905616
-7.0 -0.7309807730928832 0.0347387333497078
-6.0 -0.6424138721516872 0.033113989480598065
-5.0 -0.5455948375229519 0.03154800149833918
-4.0 -0.43790755223059 0.030084170489853942
-3.0 -0.3284394443815118 0.028889896481185957
-2.0 -0.21891710710241066 0.028013093380483665
-1.0 -0.10941310432975178 0.027386948572855334
0.0 0.0 0.026961430950798844
1.0 0.10934166185098702 0.02694690265
2.0 0.21867529839209365 0.026995411511215487
3.0 0.32799428749396736 0.027507698589753347
4.0 0.4372920070272556 0.028120851732605246
5.0 0.5465618348626059 0.02916942760008521
6.0 0.6557231120712103 0.030387883453611677
7.0 0.7631929204165734 0.031865595040536376
8.0 0.8686015654633706 0.033521155935354464
9.0 0.9723048828658304 0.03547479735315666
10.0 1.074658708278181 0.03755775224496444
11.0 1.175876079654798 0.039985689703805165
12.0 1.2675766162070743 0.04240145646106351
13.0 1.3395866787367665 0.044718166335131725
14.0 1.3993035439265857 0.04706988069657631
15.0 1.4432989695901524 0.04948831963901388
16.0 1.4809278358233935 0.05279254488608146
17.0 1.506342447219475 0.056698075080250265
18.0 1.5234988101760951 0.060597019637900054
19.0 1.5372852237390087 0.06658134927943357
20.0 1.5498281799294666 0.07216684964602624
21.0 1.5623648825741474 0.0777495652478712
22.0 1.5721154654981946 0.08209159464427374
23.0 1.5810089172486508 0.08605193519383549
24.0 1.590274309459316 0.09017790444729307
25.0 1.5995276066524582 0.09429848767182875
26.0 1.608792256759716 0.09842412645942238
27.0 1.6180917077127268 0.10256526240205348
28.0 1.6274494074431287 0.1067323370917017
29.0 1.6368556699635308 0.11092103726398973
30.0 1.646262886726482 0.11511016236976447
31.0 1.655670103489433 0.11929928747553918
32.0 1.665077320252384 0.12348841258131393
33.0 1.674484537015335 0.12767753768708853
34.0 1.683891753778286 0.13186666279286327
35.0 1.6932989705412371 0.13605578789863804
36.0 1.7027061873041882 0.14024491300441275
37.0 1.7121134040671393 0.14443403811018748
38.0 1.7215206208300902 0.14862316321596214
39.0 1.7309278375930413 0.15281228832173688
40.0 1.7403350543559923 0.15700141342751162
41.0 1.7497422711189434 0.16119053853328635
42.0 1.7591494878818943 0.165379663639061
43.0 1.7685567046448454 0.16956878874483577
44.0 1.7779639214077965 0.17375791385061048
45.0 1.7873711381707476 0.17794703895638522
46.0 1.7967783549336986 0.18213616406216002
47.0 1.8061855716966495 0.18632528916793467
48.0 1.8155927884596006 0.19051441427370946
49.0 1.8250000052225517 0.19470353937948418
50.0 1.8344072219855028 0.19889266448525897
51.0 1.8438144387484536 0.20308178959103362
52.0 1.8532216555114047 0.20727091469680842
53.0 1.8626288722743558 0.21146003980258316
54.0 1.872036089037307 0.21564916490835795
55.0 1.881443305800258 0.21983829001413277
56.0 1.8908505225632088 0.22402741511990745
57.0 1.90025773932616 0.2282165402256822
58.0 1.909664956089111 0.232405665331457
59.0 1.919072172852062 0.23659479043723183
60.0 1.928479389615013 0.24078391554300654
61.0 1.937886606377964 0.24497304064878136
62.0 1.9472938231409151 0.2491621657545561
63.0 1.9567010399038662 0.253351290860331
64.0 1.9661082566668173 0.25754041596610583
65.0 1.9755154734297684 0.26172954107188057
66.0 1.9849226901927193 0.2659186661776553
67.0 1.9943299069556704 0.27010779128343015
68.0 2.0037371237186212 0.2742969163892049
69.0 2.0131443404815723 0.27848604149497974
70.0 2.0225515572445234 0.2826751666007546
71.0 2.0319587740074745 0.28686429170652944
72.0 2.0413659907704256 0.29105341681230434
73.0 2.0507732075333767 0.2952425419180791
74.0 2.0601804242963278 0.299431667023854
75.0 2.069587641059279 0.3036207921296289
76.0 2.07899485782223 0.3078099172354038
77.0 2.0884020745851806 0.3119990423411785
78.0 2.0978092913481317 0.3161881674469533
79.0 2.1072165081110827 0.3203772925527283
80.0 2.116623724874034 0.32456641765850314
81.0 2.126030941636985 0.3287555427642781
82.0 2.135438158399936 0.332944667870053
83.0 2.144845375162887 0.3371337929758279
84.0 2.154252591925838 0.34132291808160287
85.0 2.163659808688789 0.3455120431873776
86.0 2.17306702545174 0.34970116829315256
87.0 2.182474242214691 0.35389029339892747
88.0 2.191881458977642 0.35807941850470243
89.0 2.201288675740593 0.3622685436104774
90.0 2.2106958925035443 0.3664576687162524
