DFDC Disk 2 Airfoil
1000000.0
0.15
-90.0 -2.1875623555013735 0.5449484868984782
-89.0 -2.178599934469161 0.5380729449908267
-88.0 -2.1696375134369483 0.5311974030831752
-87.0 -2.160675092404736 0.524321861175524
-86.0 -2.1517126713725236 0.517446319267873
-85.0 -2.142750250340311 0.5105707773602218
-84.0 -2.1337878293080985 0.5036952354525708
-83.0 -2.124825408275886 0.49681969354491995
-82.0 -2.115862987243674 0.4899441516372696
-81.0 -2.1069005662114613 0.48306860972961907
-80.0 -2.0979381451792487 0.47619306782196846
-79.0 -2.088975724147036 0.46931752591431813
-78.0 -2.0800133031148236 0.4624419840066678
-77.0 -2.0710508820826115 0.45556644209901803
-76.0 -2.062088461050399 0.4486909001913679
-75.0 -2.0531260400181863 0.441815358283718
-74.0 -2.0441636189859738 0.4349398163760682
-73.0 -2.035201197953761 0.42806427446841844
-72.0 -2.0262387769215486 0.42118873256076883
-71.0 -2.0172763558893365 0.41431319065311956
-70.0 -2.008313934857124 0.4074376487454701
-69.0 -1.9993515138249114 0.4005621068378207
-68.0 -1.990389092792699 0.3936865649301717
-67.0 -1.9814266717604865 0.3868110230225224
-66.0 -1.972464250728274 0.3799354811148734
-65.0 -1.9635018296960616 0.3730599392072245
-64.0 -1.954539408663849 0.3661843972995756
-63.0 -1.9455769876316364 0.35930885539192675
-62.0 -1.936614566599424 0.35243331348427814
-61.0 -1.9276521455672115 0.3455577715766295
-60.0 -1.9186897245349992 0.33868222966898104
-59.0 -1.9097273035027866 0.3318066877613325
-58.0 -1.900764882470574 0.32493114585368404
-57.0 -1.8918024614383617 0.3180556039460358
-56.0 -1.8828400404061492 0.3111800620383874
-55.0 -1.8738776193739368 0.3043045201307394
-54.0 -1.8649151983417243 0.29742897822309117
-53.0 -1.8559527773095117 0.29055343631544306
-52.0 -1.8469903562772993 0.2836778944077951
-51.0 -1.8380279352450868 0.27680235250014706
-50.0 -1.8290655142128744 0.2699268105924993
-49.0 -1.8201030931806619 0.2630512686848514
-48.0 -1.8111406721484493 0.25617572677720357
-47.0 -1.802178251116237 0.24930018486955588
-46.0 -1.7932158300840244 0.24242464296190813
-45.0 -1.784253409051812 0.23554910105426058
-44.0 -1.7752909880195995 0.22867355914661291
-43.0 -1.766328566987387 0.22179801723896525
-42.0 -1.7573661459551746 0.21492247533131786
-41.0 -1.748403724922962 0.2080469334236703
-40.0 -1.7394413038907497 0.20117139151602295
-39.0 -1.7304788828585371 0.19429584960837545
-38.0 -1.7215164618263246 0.18742030770072798
-37.0 -1.7125540407941122 0.18054476579308076
-36.0 -1.7035916197618997 0.17366922388543338
-35.0 -1.6946291987296873 0.16679368197778618
-34.0 -1.6856667776974747 0.15991814007013885
-33.0 -1.6767043566652622 0.1530425981624915
-32.0 -1.6677419356330496 0.14616705625484422
-31.0 -1.6587795146008373 0.13929151434719708
-30.0 -1.649817093568625 0.13241597243955
-29.0 -1.6408546725364124 0.12554043053190275
-28.0 -1.6318922515041998 0.11866488862425549
-27.0 -1.6229298304719875 0.11178934671660845
-26.0 -1.613967409439775 0.10491380480896123
-25.0 -1.6050049884075623 0.09803826290131401
-24.0 -1.59604256737535 0.09116272099366697
-23.0 -1.5870820682303737 0.08428865346623322
-22.0 -1.5783491842624777 0.07758920144539169
-21.0 -1.568723337062677 0.07020471062745698
-20.0 -1.5567010315553689 0.06106766855538323
-19.0 -1.544072165393276 0.05574643769114076
-18.0 -1.5314432990073126 0.05082564299915894
-17.0 -1.5122540812127068 0.04616720736576999
-16.0 -1.4868384874282286 0.04229908213444419
-15.0 -1.4552861902606875 0.03974227009733377
-14.0 -1.4143151096046107 0.03748136592708616
-13.0 -1.3568206291603706 0.035429116738695504
-12.0 -1.286316026086553 0.03361896697936217
-11.0 -1.2027964203725563 0.03175431706708394
-10.0 -1.108247423 0.02994819068753322
-9.0 -0.9992047958052177 0.02811091108540021
-8.0 -0.8891085083273131 0.02644843938443879
-7.0 -0.7782051735803556 0.025023462238654582
-6.0 -0.6667414045784144 0.023845001339073836
-5.0 -0.5549638143355591 0.02283705111190375
-4.0 -0.44311901586585895 0.022030193044591
-3.0 -0.33145362218338364 0.02145682583929217
-2.0 -0.2202142463022024 0.02116646587623197
-1.0 -0.10964750123638475 0.02102482241884791
0.0 0.0 0.021105913934706146
1.0 0.11093066332739944 0.021443298268714987
2.0 0.22351589786521692 0.021972655996119025
3.0 0.334762595397816 0.022688469659387835
4.0 0.44167764770956036 0.023642976280521928
5.0 0.5412679465848137 0.024706372332474493
6.0 0.6305841924745127 0.025797147596720818
7.0 0.7147766322864371 0.026991023245449084
8.0 0.8033767304271671 0.02855269030060769
9.0 0.8707927099137837 0.03017275013802873
10.0 0.9226804124 0.031966905948611485
11.0 0.9631953296361928 0.03424918980855501
12.0 0.9943218588026723 0.03731495209308673
13.0 1.014698389760286 0.04100851450749859
14.0 1.0307512635923972 0.045592656802267165
15.0 1.0454384160898773 0.052590881412167945
16.0 1.0565628580206063 0.05885750926722753
17.0 1.0665148741959551 0.06625363662255697
18.0 1.0768900339175471 0.07396423528726313
19.0 1.0874140889587736 0.08178548979569238
20.0 1.097938144 0.08960674430412162
21.0 1.1084621990412264 0.09742799881255088
22.0 1.118986254082453 0.10524925332098012
23.0 1.1295103091236791 0.11307050782940918
24.0 1.1400343641649056 0.12089176233783842
25.0 1.150558419206132 0.12871301684626765
26.0 1.1610824742473584 0.1365342713546969
27.0 1.1716065292885847 0.14435552586312594
28.0 1.182130584329811 0.15217678037155516
29.0 1.1926546393710376 0.15999803487998437
30.0 1.203178694412264 0.16781928938841356
31.0 1.2137027494534904 0.1756405438968428
32.0 1.2242268044947167 0.1834617984052718
33.0 1.234750859535943 0.19128305291370098
34.0 1.2452749145771695 0.19910430742213014
35.0 1.255798969618396 0.20692556193055928
36.0 1.2663230246596222 0.21474681643898824
37.0 1.2768470797008487 0.22256807094741737
38.0 1.287371134742075 0.23038932545584648
39.0 1.2978951897833015 0.23821057996427555
40.0 1.308419244824528 0.24603183447270463
41.0 1.3189432998657542 0.25385308898113357
42.0 1.3294673549069806 0.2616743434895626
43.0 1.339991409948207 0.2694955979979917
44.0 1.3505154649894333 0.2773168525064205
45.0 1.3610395200306598 0.28513810701484954
46.0 1.3715635750718862 0.29295936152327845
47.0 1.3820876301131126 0.3007806160317074
48.0 1.392611685154339 0.3086018705401363
49.0 1.4031357401955655 0.3164231250485653
50.0 1.4136597952367917 0.324244379556994
51.0 1.4241838502780182 0.33206563406542283
52.0 1.4347079053192446 0.3398868885738517
53.0 1.4452319603604709 0.3477081430822803
54.0 1.4557560154016973 0.35552939759070906
55.0 1.4662800704429237 0.36335065209913786
56.0 1.4768041254841502 0.3711719066075666
57.0 1.4873281805253766 0.37899316111599535
58.0 1.497852235566603 0.386814415624424
59.0 1.5083762906078293 0.3946356701328525
60.0 1.5189003456490557 0.40245692464128113
61.0 1.5294244006902822 0.4102781791497097
62.0 1.5399484557315084 0.4180994336581381
63.0 1.5504725107727348 0.42592068816656664
64.0 1.5609965658139613 0.43374194267499505
65.0 1.5715206208551877 0.4415631971834235
66.0 1.5820446758964142 0.4493844516918519
67.0 1.5925687309376404 0.45720570620028017
68.0 1.6030927859788668 0.4650269607087085
69.0 1.6136168410200933 0.4728482152171368
70.0 1.6241408960613195 0.4806694697255649
71.0 1.634664951102546 0.48849072423399315
72.0 1.6451890061437724 0.4963119787424214
73.0 1.6557130611849988 0.5041332332508496
74.0 1.666237116226225 0.5119544877592777
75.0 1.6767611712674515 0.5197757422677055
76.0 1.687285226308678 0.5275969967761337
77.0 1.6978092813499042 0.5354182512845614
78.0 1.7083333363911306 0.5432395057929894
79.0 1.7188573914323568 0.5510607603014172
80.0 1.7293814464735833 0.558882014809845
81.0 1.7399055015148097 0.5667032693182729
82.0 1.7504295565560362 0.5745245238267006
83.0 1.7609536115972626 0.5823457783351284
84.0 1.771477666638489 0.590167032843556
85.0 1.7820017216797155 0.5979882873519836
86.0 1.7925257767209417 0.605809541860411
87.0 1.8030498317621682 0.6136307963688385
88.0 1.8135738868033944 0.6214520508772657
89.0 1.8240979418446208 0.6292733053856933
90.0 1.8346219968858473 0.6370945598941206
