2.565130260521042 1.35
2.565130260521042 0.5665720535398885
2.5751503006012024 0.566565675637154
2.5851703406813624 0.5665592012544304
2.595190380761523 0.5665526336512419
2.6052104208416833 0.5665459757638721
2.6152304609218433 0.5665392301199065
2.6252505010020037 0.56653239878632
2.635270541082164 0.566525483371225
2.6452905811623246 0.5665184851084653
2.655310621242485 0.5665114049516358
2.665330661322645 0.5665042436254794
2.6753507014028055 0.5664970016486344
2.685370741482966 0.5664896793376774
2.695390781563126 0.5664822767997445
2.7054108216432864 0.5664747939195532
2.715430861723447 0.5664672303461447
2.7254509018036073 0.5664595854850807
2.7354709418837677 0.5664518585032091
2.7454909819639277 0.5664440483556814
2.755511022044088 0.5664361538491884
2.7655310621242486 0.5664281737158752
2.7755511022044086 0.5664201066577904
2.785571142284569 0.5664119513715268
2.7955911823647295 0.5664037065597995
2.80561122244489 0.5663953709345108
2.8156312625250504 0.5663869432143785
2.8256513026052104 0.5663784221192258
2.835671342685371 0.5663698063624026
2.8456913827655312 0.5663610946424439
2.8557114228456912 0.5663522856348945
2.8657314629258517 0.5663433779852372
2.875751503006012 0.5663343703047794
2.8857715430861726 0.5663252611707981
2.895791583166333 0.5663160491295655
2.905811623246493 0.5663067327012677
2.9158316633266534 0.5662973103861596
2.925851703406814 0.5662877806715052
2.935871743486974 0.566278142038984
2.9458917835671343 0.5662683929722857
2.9559118236472948 0.5662585319646194
2.965931863727455 0.566248557525778
2.9759519038076157 0.5662384681882614
2.9859719438877756 0.5662282625119802
2.995991983967936 0.5662179390883215
3.0060120240480965 0.5662074965440034
3.0160320641282565 0.5661969335449062
3.026052104208417 0.5661862487999226
3.0360721442885774 0.5661754410647231
3.046092184368738 0.5661645091451633
3.0561122244488974 0.5661534518998295
3.066132264529058 0.5661422682409023
3.0761523046092183 0.5661309571320526
3.0861723446893787 0.5661195175814051
3.0961923847695387 0.5661079486278832
3.106212424849699 0.5660962493284927
3.1162324649298596 0.5660844187479009
3.1262525050100196 0.5660724559497665
3.13627254509018 0.56606035998947
3.1462925851703405 0.5660481299080604
3.156312625250501 0.5660357647273756
3.1663326653306614 0.5660232634464518
3.1763527054108214 0.5660106250395138
3.186372745490982 0.5659978484560749
3.1963927855711423 0.5659849326240008
3.2064128256513023 0.565971876456389
3.2164328657314627 0.5659586788542594
3.226452905811623 0.5659453387037136
3.2364729458917836 0.565931854869567
3.246492985971944 0.5659182261868394
3.256513026052104 0.5659044514510727
3.2665330661322645 0.5658905294082225
3.276553106212425 0.5658764587447729
3.286573146292585 0.5658622380787635
3.2965931863727453 0.5658478659525841
3.306613226452906 0.5658333408287186
3.3166332665330662 0.5658186610901206
3.3266533066132267 0.5658038250323214
3.3366733466933867 0.5657888308414631
3.346693386773547 0.5657736765630168
3.3567134268537075 0.5657583600645787
3.3667334669338675 0.5657428789953346
3.376753507014028 0.5657272307444846
3.3867735470941884 0.5657114124010986
3.396793587174349 0.5656954207185476
3.4068136272545093 0.5656792520879442
3.4168336673346693 0.5656629025271199
3.4268537074148298 0.5656463676950418
3.43687374749499 0.5656296429221874
3.44689378757515 0.5656127232319699
3.4569138276553106 0.5655956033547902
3.466933867735471 0.5655782777358894
3.4769539078156315 0.5655607405375761
3.486973947895792 0.5655429856358726
3.496993987975952 0.5655250066110835
3.5070140280561124 0.5655067967311507
3.517034068136273 0.565488348925853
3.527054108216433 0.5654696557487939
3.5370741482965933 0.5654507093224734
3.5470941883767537 0.5654315012725437
3.557114228456914 0.5654120226760111
3.5671342685370746 0.5653922640205851
3.5771543086172346 0.5653722151734519
3.587174348697395 0.5653518653602904
3.5971943887775555 0.5653312031580973
3.6072144288577155 0.5653102165087674
3.6172344689378755 0.5652888927649095
3.627254509018036 0.5652672187857728
3.637274549098196 0.5652451811104057
3.6472945891783564 0.5652227662493714
3.657314629258517 0.5651999610601116
3.6673346693386772 0.5651767528819083
3.6773547094188377 0.5651531294822582
3.6873747494989977 0.5651290788882746
3.697394789579158 0.5651045891562653
3.7074148296593186 0.5650796481210066
3.7174348697394786 0.5650542431620196
3.727454909819639 0.5650283610267358
3.7374749498997994 0.5650019877602191
3.74749498997996 0.5649751088095857
3.7575150300601203 0.5649477094025755
3.7675350701402803 0.5649197752047348
3.7775551102204408 0.5648912923625362
3.787575150300601 0.5648622469653558
3.797595190380761 0.5648326241230878
3.8076152304609217 0.5648024067932816
3.817635270541082 0.564771574451083
3.8276553106212425 0.5647401016730395
3.837675350701403 0.5647079566987513
3.847695390781563 0.5646751000414616
3.8577154308617234 0.5646414832413418
3.867735470941884 0.5646070478974333
3.877755511022044 0.5645717251609211
3.8877755511022043 0.5645354354649219
3.8977955911823647 0.5644980882924902
3.907815631262525 0.5644595819118265
3.9178356713426856 0.5644198030277613
3.9278557114228456 0.5643786263097478
3.937875751503006 0.5643359137619208
3.9478957915831665 0.5642915139014669
3.9579158316633265 0.5642452607081256
3.967935871743487 0.5641969722999998
3.9779559118236474 0.5641464492782373
3.987975951903808 0.5640934726660631
3.9979959919839683 0.5640378014858264
4.008016032064129 0.5639791701072021
4.018036072144289 0.5639172855030083
4.028056112224449 0.5638518245952209
4.038076152304609 0.5637824319589061
4.04809619238477 0.5637087182903806
4.05811623246493 0.5636302602611676
4.0681362725450905 0.5635466027067372
4.078156312625251 0.563457264591348
4.088176352705411 0.5633617510249217
4.098196392785571 0.5632595717337219
4.108216432865731 0.5631502497170653
4.118236472945892 0.5630333209067612
4.128256513026052 0.5629083283608189
4.138276553106213 0.5627748136824128
4.148296593186373 0.5626323078759693
4.158316633266534 0.5624803237723648
4.168336673346693 0.5623183524658819
4.1783567134268536 0.5621458669503313
4.188376753507014 0.5619623380175108
4.198396793587174 0.5617672618673448
4.208416833667334 0.5615601738163777
4.218436873747494 0.5613406500122127
4.228456913827655 0.5611083018296859
4.238476953907815 0.560862766485245
4.248496993987976 0.5606036966658584
4.258517034068136 0.56033075172839
4.268537074148297 0.5600435932322598
4.278557114228457 0.5597418889121707
4.2885771543086175 0.559425326545175
4.298597194388777 0.5590936213718577
4.3086172344689375 0.5587465168739677
4.318637274549098 0.5583837814180431
4.328657314629258 0.558005202748896
4.338677354709419 0.5576105818744629
4.348697394789579 0.5571997277131894
4.35871743486974 0.5567724539151891
4.368737474949899 0.5563285808087955
4.37875751503006 0.5558679385957712
4.38877755511022 0.5553903679599345
4.398797595190381 0.5548957186401471
4.408817635270541 0.5543838469092021
4.4188376753507015 0.5538546127111483
4.428857715430862 0.5533078771231287
4.438877755511022 0.5527435008082372
4.448897795591183 0.5521613448109844
4.458917835671342 0.5515612738154602
4.468937875751503 0.5509431573220968
4.478957915831663 0.5503068686253328
4.488977955911824 0.5496522825387643
4.498997995991984 0.5489792727010526
4.509018036072145 0.5482877092037506
4.519038076152305 0.5475774572799699
4.529058116232465 0.5468483782869501
4.539078156312625 0.5461003352196004
4.5490981963927855 0.5453331964688191
4.559118236472946 0.5445468362730462
4.569138276553106 0.543741132979474
4.579158316633267 0.5429159663470156
4.589178356713427 0.5420712149436642
4.599198396793588 0.5412067546112859
4.609218436873748 0.5403224593127441
4.619238476953908 0.5394182084248614
4.629258517034068 0.5384938931961898
4.6392785571142285 0.5375494191450366
4.649298597194389 0.536584705412988
4.659318637274549 0.5355996826165145
4.66933867735471 0.5345942904878511
4.67935871743487 0.5335684763672538
4.68937875751503 0.5325221962162948
4.69939879759519 0.5314554223989342
4.709418837675351 0.5303681510072161
4.719438877755511 0.5292604054330996
4.729458917835671 0.5281322370901258
4.739478957915831 0.5269837246989088
4.749498997995992 0.525814973288928
4.759519038076152 0.5246261136375097
4.7695390781563125 0.5234173047396525
4.779559118236473 0.5221887405090603
4.789579158316633 0.5209406557104422
4.799599198396793 0.5196733294619726
4.809619238476953 0.5183870871051189
4.819639278557114 0.517082301326321
4.829659318637274 0.5157593932197994
4.839679358717435 0.5144188337868351
4.849699398797595 0.5130611460759449
4.859719438877756 0.5116869099934424
4.869739478957916 0.5102967703501753
4.8797595190380765 0.5088914472114164
4.889779559118236 0.5074717474673095
4.8997995991983965 0.5060385767334118
4.909819639278557 0.5045929518726004
4.919839679358717 0.5031360079110614
4.929859719438878 0.5016689999767552
4.939879759519038 0.5001933082668087
4.949899799599199 0.49871044988204705
4.959919839679358 0.49722209805666406
4.969939879759519 0.4957301093438676
4.979959919839679 0.4942365590250183
4.98997995991984 0.49274379024970805
5.0 0.4912544818543955
6.0 0.4173072031528441
