 WAKE          14 =[
         660  0.304466009      0.158438995       24.1296482      -48.5971870    
         661  0.306378990      0.158438995       24.1079311      -48.6409645    
         662  0.309001654      0.158438995       24.0700836      -48.7174492    
         663  0.312035203      0.158438995       24.0403023      -48.7778015    
         664  0.315543979      0.158438995       24.0139618      -48.8313026    
         665  0.319602489      0.158438995       23.9889183      -48.8822823    
         666  0.324296772      0.158438995       23.9643059      -48.9324875    
         667  0.329726517      0.158438995       23.9398155      -48.9825439    
         668  0.336006880      0.158438995       23.9155178      -49.0323105    
         669  0.343271166      0.158438995       23.8918457      -49.0808907    
         670  0.351673514      0.158438995       23.8696022      -49.1266289    
         671  0.361392170      0.158438995       23.8499794      -49.1670456    
         672  0.372633398      0.158438995       23.8344803      -49.1990204    
         673  0.385635734      0.158438995       23.8247604      -49.2190895    
         674  0.400675058      0.158438995       23.8223476      -49.2240753    
         675  0.418070495      0.158438995       23.8282757      -49.2118301    
         676  0.438191146      0.158438995       23.8428230      -49.1818047    
         677  0.461463988      0.158438995       23.8653908      -49.1352959    
         678  0.488382816      0.158438995       23.8946972      -49.0750313    
         679  0.519518852      0.158438995       23.9288139      -49.0050621    
 ]
