DFDC Version 0.6
FatDuct + CB test case

OPER
! Vinf    Vref     RPM
  20.0     20.0     8000
! Rho     Mu       Vso     altkm
  0.0     0.0      0.0     0.0
! XDwake  Nwake
  0.1     20
! Lwkrlx
  F
ENDOPER

ACTDISK
! Xdisk   NRPdef
  0.05     11
! #stations
  3
! r     BGam
 0.02   0.0
 0.06   0.0
 0.10   0.0
ENDACTDISK


AERO
! #sections
  1
! Xisect
  0.0
! A0deg        dCLda      CLmax   CLmin
  0.0          6.28       1.5     -1.0
! dCLda_stall  dCL_stall  CM      Mcrit
  0.5          0.2        0.0     0.7
! CDmin        CL@CDmin   dCDdCL2
  0.012        0.1        0.005
! REref        REexp
  200000.      0.35
ENDAERO

GEOM
Sm. centerbody
0.0 9.797174393178825e-19
0.00022165744517793845 0.0013254178114970832
0.0008851922471228294 0.0026229284987584387
0.0019863011280247885 0.0038596457886903362
0.0035178429742609234 0.005004159008717179
0.005469885149257411 0.006022791677079472
0.007829767910449183 0.006878297595260013
0.01058218651256836 0.0075275101155729395
0.013709290464790271 0.007917976077860111
0.017190799298016212 0.008
0.021004134091497824 0.008
0.025124563905802384 0.008
0.029525366172445104 0.008
0.034178 0.008
0.03905229127273282 0.008
0.04411662834132042 0.008
0.04933816703652695 0.008
0.0546830436762447 0.008
0.06011659468446713 0.008
0.0656035813978808 0.008
0.07110841860211918 0.008
0.07659540531553286 0.007986970498399403
0.08202895632375526 0.007231037905964162
0.08737383296347302 0.006524255638807895
0.09259537165867955 0.005833783022542397
0.09765970872726717 0.005164098037040301
0.10253400000000001 0.004519543846411863
0.10718663382755486 0.0039043006319191115
0.11158743609419759 0.003322358481896276
0.11570786590850217 0.002777491514495833
0.11952120070198376 0.00227323340108405
0.12300270953520968 0.0018128544490261527
0.12612981348743163 0.001399340392488181
0.1288822320895508 0.0010353730288051892
0.13124211485074258 0.000723312825996429
0.13319415702573906 0.00046518361422447866
0.13472569887197522 0.0002626594604799995
0.13582680775287714 0.00011705381161494346
0.13649034255482204 2.9310976135683923e-5
0.136712 5.726737653520142e-20
999.0 999.0
1.0 0.8349999999999999
0.9983786540671049 0.8348766957908677
0.9935251313189564 0.83446805216371
0.985470908713026 0.8337146561808962
0.9742682209735727 0.8325366476304207
0.9599897218294121 0.8307604839960733
0.9427280128266049 0.8280916541364328
0.9225950427718973 0.8245183816995937
0.8997213817017504 0.8200131263097253
0.8742553740855504 0.8147783366608724
0.8463621767547997 0.808924243397765
0.8162226877976886 0.8024730885646909
0.7840323733655779 0.7956396896825282
0.7500000000000001 0.7887203453779943
0.7143462807015272 0.7817212375802667
0.6773024435212678 0.7753503419803461
0.6391087319582263 0.7698451928886628
0.600012846888022 0.7657775209594514
0.5602683401276616 0.7629631211638397
0.5201329700547076 0.7610483593547405
0.4798670299452924 0.7601825652852657
0.4397316598723385 0.7600658420426486
0.39998715311197774 0.7607267171375636
0.3608912680417736 0.7620197925076364
0.3226975564787321 0.7639562348309178
0.2856537192984729 0.7664937092767192
0.25000000000000006 0.7695633536402978
0.21596762663442204 0.773150922737584
0.1837773122023113 0.7771386336042668
0.1536378232452003 0.7815612001361216
0.12574462591444946 0.7863106478693912
0.10027861829824941 0.7913779117698125
0.07740495722810259 0.7965949824418883
0.057271987173395045 0.8018865457886218
0.04001027817058789 0.8072471708072831
0.02573177902642726 0.8123667442911203
0.014529091286973994 0.8172715339768304
0.006474868681043577 0.8222559820647302
0.0016213459328949797 0.8306180808419505
0.0 0.835
0.0016213459328949797 0.8393819191580494
0.006474868681043577 0.8477440179352699
0.014529091286973994 0.8527284660231697
0.02573177902642726 0.8576332557088797
0.04001027817058789 0.8627528291927168
0.057271987173395045 0.8681134542113782
0.07740495722810259 0.8734050175581118
0.10027861829824941 0.8786220882301874
0.12574462591444946 0.8836893521306086
0.1536378232452003 0.8884387998638783
0.1837773122023113 0.8928613663957332
0.21596762663442204 0.896849077262416
0.25000000000000006 0.9004366463597022
0.2856537192984729 0.9035062907232807
0.3226975564787321 0.9060437651690822
0.3608912680417736 0.9079802074923635
0.39998715311197774 0.9092732828624365
0.4397316598723385 0.9099341579573514
0.4798670299452924 0.9098174347147342
0.5201329700547076 0.9089516406452595
0.5602683401276616 0.9070368788361604
0.600012846888022 0.9042224790405488
0.6391087319582263 0.9001548071113371
0.6773024435212678 0.8946496580196539
0.7143462807015272 0.8882787624197334
0.7500000000000001 0.8812796546220057
0.7840323733655779 0.8743603103174717
0.8162226877976886 0.8675269114353091
0.8463621767547997 0.8610757566022349
0.8742553740855504 0.8552216633391276
0.8997213817017504 0.8499868736902747
0.9225950427718973 0.8454816183004064
0.9427280128266049 0.8419083458635671
0.9599897218294121 0.8392395160039267
0.9742682209735727 0.837463352369579
0.985470908713026 0.8362853438191038
0.9935251313189564 0.8355319478362901
0.9983786540671049 0.8351233042091323
1.0 0.8350000000000001
ENDGEOM