DFDC Version 0.6
FatDuct + CB test case

OPER
! Vinf    Vref     RPM
  20.0     20.0     8000
! Rho     Mu       Vso     altkm
  0.0     0.0      0.0     0.0
! XDwake  Nwake
  0.1     20
! Lwkrlx
  F
ENDOPER

ACTDISK
! Xdisk   NRPdef
  0.05     11
! #stations
  3
! r     BGam
 0.02   0.0
 0.06   0.0
 0.10   0.0
ENDACTDISK


AERO
! #sections
  1
! Xisect
  0.0
! A0deg        dCLda      CLmax   CLmin
  0.0          6.28       1.5     -1.0
! dCLda_stall  dCL_stall  CM      Mcrit
  0.5          0.2        0.0     0.7
! CDmin        CL@CDmin   dCDdCL2
  0.012        0.1        0.005
! REref        REexp
  200000.      0.35
ENDAERO

GEOM
Sm. centerbody
0.0 4.898587196589413e-18
0.0011082872258896923 0.006627089057485416
0.004425961235614147 0.013114642493792194
0.009931505640123942 0.019298228943451682
0.017589214871304618 0.025020795043585894
0.027349425746287053 0.03011395838539736
0.03914883955224591 0.03439148797630007
0.0529109325628418 0.0376375505778647
0.06854645232395136 0.03958988038930056
0.08595399649008106 0.04
0.10502067045748911 0.04
0.12562281952901191 0.04
0.14762683086222553 0.04
0.17089000000000001 0.04
0.1952614563636641 0.04
0.2205831417066021 0.04
0.24669083518263477 0.04
0.2734152183812235 0.04
0.30058297342233564 0.04
0.32801790698940403 0.04
0.3555420930105959 0.04
0.3829770265776643 0.03993485249199701
0.4101447816187763 0.03615518952982081
0.4368691648173651 0.032621278194039476
0.46297685829339774 0.029168915112711986
0.48829854363633585 0.025820490185201505
0.5126700000000001 0.022597719232059315
0.5359331691377743 0.019521503159595558
0.557937180470988 0.01661179240948138
0.5785393295425109 0.013887457572479165
0.5976060035099188 0.01136616700542025
0.6150135476760484 0.009064272245130763
0.6306490674371581 0.006996701962440906
0.644411160447754 0.005176865144025946
0.6562105742537129 0.003616564129982145
0.6659707851286953 0.0023259180711223933
0.673628494359876 0.0013132973023999976
0.6791340387643857 0.0005852690580747173
0.6824517127741102 0.00014655488067841961
0.68356 2.863368826760071e-19
999.0 999.0
1.0 0.8349999999999999
0.9983786540671049 0.8348766957908677
0.9935251313189564 0.83446805216371
0.985470908713026 0.8337146561808962
0.9742682209735727 0.8325366476304207
0.9599897218294121 0.8307604839960733
0.9427280128266049 0.8280916541364328
0.9225950427718973 0.8245183816995937
0.8997213817017504 0.8200131263097253
0.8742553740855504 0.8147783366608724
0.8463621767547997 0.808924243397765
0.8162226877976886 0.8024730885646909
0.7840323733655779 0.7956396896825282
0.7500000000000001 0.7887203453779943
0.7143462807015272 0.7817212375802667
0.6773024435212678 0.7753503419803461
0.6391087319582263 0.7698451928886628
0.600012846888022 0.7657775209594514
0.5602683401276616 0.7629631211638397
0.5201329700547076 0.7610483593547405
0.4798670299452924 0.7601825652852657
0.4397316598723385 0.7600658420426486
0.39998715311197774 0.7607267171375636
0.3608912680417736 0.7620197925076364
0.3226975564787321 0.7639562348309178
0.2856537192984729 0.7664937092767192
0.25000000000000006 0.7695633536402978
0.21596762663442204 0.773150922737584
0.1837773122023113 0.7771386336042668
0.1536378232452003 0.7815612001361216
0.12574462591444946 0.7863106478693912
0.10027861829824941 0.7913779117698125
0.07740495722810259 0.7965949824418883
0.057271987173395045 0.8018865457886218
0.04001027817058789 0.8072471708072831
0.02573177902642726 0.8123667442911203
0.014529091286973994 0.8172715339768304
0.006474868681043577 0.8222559820647302
0.0016213459328949797 0.8306180808419505
0.0 0.835
0.0016213459328949797 0.8393819191580494
0.006474868681043577 0.8477440179352699
0.014529091286973994 0.8527284660231697
0.02573177902642726 0.8576332557088797
0.04001027817058789 0.8627528291927168
0.057271987173395045 0.8681134542113782
0.07740495722810259 0.8734050175581118
0.10027861829824941 0.8786220882301874
0.12574462591444946 0.8836893521306086
0.1536378232452003 0.8884387998638783
0.1837773122023113 0.8928613663957332
0.21596762663442204 0.896849077262416
0.25000000000000006 0.9004366463597022
0.2856537192984729 0.9035062907232807
0.3226975564787321 0.9060437651690822
0.3608912680417736 0.9079802074923635
0.39998715311197774 0.9092732828624365
0.4397316598723385 0.9099341579573514
0.4798670299452924 0.9098174347147342
0.5201329700547076 0.9089516406452595
0.5602683401276616 0.9070368788361604
0.600012846888022 0.9042224790405488
0.6391087319582263 0.9001548071113371
0.6773024435212678 0.8946496580196539
0.7143462807015272 0.8882787624197334
0.7500000000000001 0.8812796546220057
0.7840323733655779 0.8743603103174717
0.8162226877976886 0.8675269114353091
0.8463621767547997 0.8610757566022349
0.8742553740855504 0.8552216633391276
0.8997213817017504 0.8499868736902747
0.9225950427718973 0.8454816183004064
0.9427280128266049 0.8419083458635671
0.9599897218294121 0.8392395160039267
0.9742682209735727 0.837463352369579
0.985470908713026 0.8362853438191038
0.9935251313189564 0.8355319478362901
0.9983786540671049 0.8351233042091323
1.0 0.8350000000000001
ENDGEOM