DFDC Version 0.6
FatDuct + CB test case

OPER
! Vinf    Vref     RPM
  20.0     20.0     8000
! Rho     Mu       Vso     altkm
  0.0     0.0      0.0     0.0
! XDwake  Nwake
  0.1     20
! Lwkrlx
  F
ENDOPER

ACTDISK
! Xdisk   NRPdef
  0.05     11
! #stations
  3
! r     BGam
 0.02   0.0
 0.06   0.0
 0.10   0.0
ENDACTDISK


AERO
! #sections
  1
! Xisect
  0.0
! A0deg        dCLda      CLmax   CLmin
  0.0          6.28       1.5     -1.0
! dCLda_stall  dCL_stall  CM      Mcrit
  0.5          0.2        0.0     0.7
! CDmin        CL@CDmin   dCDdCL2
  0.012        0.1        0.005
! REref        REexp
  200000.      0.35
ENDAERO

GEOM
Sm. centerbody
0.0 2.4492935982947064e-18
0.0005541436129448461 0.003313544528742708
0.0022129806178070735 0.006557321246896097
0.004965752820061971 0.009649114471725841
0.008794607435652309 0.012510397521792947
0.013674712873143527 0.01505697919269868
0.019574419776122957 0.017195743988150033
0.0264554662814209 0.01881877528893235
0.03427322616197568 0.01979494019465028
0.04297699824504053 0.02
0.052510335228744556 0.02
0.06281140976450596 0.02
0.07381341543111276 0.02
0.08544500000000001 0.02
0.09763072818183205 0.02
0.11029157085330105 0.02
0.12334541759131738 0.02
0.13670760919061176 0.02
0.15029148671116782 0.02
0.16400895349470201 0.02
0.17777104650529796 0.02
0.19148851328883215 0.019967426245998506
0.20507239080938816 0.018077594764910405
0.21843458240868255 0.016310639097019738
0.23148842914669887 0.014584457556355993
0.24414927181816792 0.012910245092600752
0.25633500000000004 0.011298859616029657
0.26796658456888717 0.009760751579797779
0.278968590235494 0.00830589620474069
0.28926966477125543 0.006943728786239583
0.2988030017549594 0.005683083502710125
0.3075067738380242 0.004532136122565381
0.31532453371857905 0.003498350981220453
0.322205580223877 0.002588432572012973
0.32810528712685644 0.0018082820649910725
0.33298539256434767 0.0011629590355611967
0.336814247179938 0.0006566486511999988
0.33956701938219286 0.00029263452903735863
0.3412258563870551 7.327744033920981e-5
0.34178 1.4316844133800356e-19
999.0 999.0
1.0 0.8349999999999999
0.9983786540671049 0.8348766957908677
0.9935251313189564 0.83446805216371
0.985470908713026 0.8337146561808962
0.9742682209735727 0.8325366476304207
0.9599897218294121 0.8307604839960733
0.9427280128266049 0.8280916541364328
0.9225950427718973 0.8245183816995937
0.8997213817017504 0.8200131263097253
0.8742553740855504 0.8147783366608724
0.8463621767547997 0.808924243397765
0.8162226877976886 0.8024730885646909
0.7840323733655779 0.7956396896825282
0.7500000000000001 0.7887203453779943
0.7143462807015272 0.7817212375802667
0.6773024435212678 0.7753503419803461
0.6391087319582263 0.7698451928886628
0.600012846888022 0.7657775209594514
0.5602683401276616 0.7629631211638397
0.5201329700547076 0.7610483593547405
0.4798670299452924 0.7601825652852657
0.4397316598723385 0.7600658420426486
0.39998715311197774 0.7607267171375636
0.3608912680417736 0.7620197925076364
0.3226975564787321 0.7639562348309178
0.2856537192984729 0.7664937092767192
0.25000000000000006 0.7695633536402978
0.21596762663442204 0.773150922737584
0.1837773122023113 0.7771386336042668
0.1536378232452003 0.7815612001361216
0.12574462591444946 0.7863106478693912
0.10027861829824941 0.7913779117698125
0.07740495722810259 0.7965949824418883
0.057271987173395045 0.8018865457886218
0.04001027817058789 0.8072471708072831
0.02573177902642726 0.8123667442911203
0.014529091286973994 0.8172715339768304
0.006474868681043577 0.8222559820647302
0.0016213459328949797 0.8306180808419505
0.0 0.835
0.0016213459328949797 0.8393819191580494
0.006474868681043577 0.8477440179352699
0.014529091286973994 0.8527284660231697
0.02573177902642726 0.8576332557088797
0.04001027817058789 0.8627528291927168
0.057271987173395045 0.8681134542113782
0.07740495722810259 0.8734050175581118
0.10027861829824941 0.8786220882301874
0.12574462591444946 0.8836893521306086
0.1536378232452003 0.8884387998638783
0.1837773122023113 0.8928613663957332
0.21596762663442204 0.896849077262416
0.25000000000000006 0.9004366463597022
0.2856537192984729 0.9035062907232807
0.3226975564787321 0.9060437651690822
0.3608912680417736 0.9079802074923635
0.39998715311197774 0.9092732828624365
0.4397316598723385 0.9099341579573514
0.4798670299452924 0.9098174347147342
0.5201329700547076 0.9089516406452595
0.5602683401276616 0.9070368788361604
0.600012846888022 0.9042224790405488
0.6391087319582263 0.9001548071113371
0.6773024435212678 0.8946496580196539
0.7143462807015272 0.8882787624197334
0.7500000000000001 0.8812796546220057
0.7840323733655779 0.8743603103174717
0.8162226877976886 0.8675269114353091
0.8463621767547997 0.8610757566022349
0.8742553740855504 0.8552216633391276
0.8997213817017504 0.8499868736902747
0.9225950427718973 0.8454816183004064
0.9427280128266049 0.8419083458635671
0.9599897218294121 0.8392395160039267
0.9742682209735727 0.837463352369579
0.985470908713026 0.8362853438191038
0.9935251313189564 0.8355319478362901
0.9983786540671049 0.8351233042091323
1.0 0.8350000000000001
ENDGEOM