DFDC Version 0.6
FatDuct + CB test case

OPER
! Vinf    Vref     RPM
  20.0     20.0     8000
! Rho     Mu       Vso     altkm
  0.0     0.0      0.0     0.0
! XDwake  Nwake
  0.1     20
! Lwkrlx
  F
ENDOPER

ACTDISK
! Xdisk   NRPdef
  0.05     11
! #stations
  3
! r     BGam
 0.02   0.0
 0.06   0.0
 0.10   0.0
ENDACTDISK


AERO
! #sections
  1
! Xisect
  0.0
! A0deg        dCLda      CLmax   CLmin
  0.0          6.28       1.5     -1.0
! dCLda_stall  dCL_stall  CM      Mcrit
  0.5          0.2        0.0     0.7
! CDmin        CL@CDmin   dCDdCL2
  0.012        0.1        0.005
! REref        REexp
  200000.      0.35
ENDAERO

GEOM
Sm. centerbody
0.0 1.959434878635765e-17
0.0022165744517793845 0.026508356229941663
0.008851922471228294 0.052458569975168776
0.019863011280247884 0.07719291577380673
0.035178429742609235 0.10008318017434358
0.054698851492574106 0.12045583354158944
0.07829767910449183 0.13756595190520027
0.1058218651256836 0.1505502023114588
0.13709290464790272 0.15835952155720223
0.17190799298016213 0.16
0.21004134091497823 0.16
0.25124563905802383 0.16
0.29525366172445106 0.16
0.34178000000000003 0.16
0.3905229127273282 0.16
0.4411662834132042 0.16
0.49338167036526953 0.16
0.546830436762447 0.16
0.6011659468446713 0.16
0.6560358139788081 0.16
0.7110841860211918 0.16
0.7659540531553286 0.15973940996798805
0.8202895632375526 0.14462075811928324
0.8737383296347302 0.1304851127761579
0.9259537165867955 0.11667566045084794
0.9765970872726717 0.10328196074080602
1.0253400000000001 0.09039087692823726
1.0718663382755487 0.07808601263838223
1.115874360941976 0.06644716963792552
1.1570786590850217 0.05554983028991666
1.1952120070198375 0.045464668021681
1.2300270953520969 0.03625708898052305
1.2612981348743162 0.027986807849763623
1.288822320895508 0.020707460576103783
1.3124211485074257 0.01446625651992858
1.3319415702573907 0.009303672284489573
1.347256988719752 0.00525318920959999
1.3582680775287714 0.002341076232298869
1.3649034255482204 0.0005862195227136785
1.36712 1.1453475307040285e-18
999.0 999.0
1.0 10.834999999999999
0.9983786540671049 10.834876695790868
0.9935251313189564 10.834468052163711
0.985470908713026 10.833714656180897
0.9742682209735727 10.832536647630421
0.9599897218294121 10.830760483996073
0.9427280128266049 10.828091654136433
0.9225950427718973 10.824518381699594
0.8997213817017504 10.820013126309725
0.8742553740855504 10.814778336660872
0.8463621767547997 10.808924243397765
0.8162226877976886 10.80247308856469
0.7840323733655779 10.795639689682528
0.7500000000000001 10.788720345377994
0.7143462807015272 10.781721237580268
0.6773024435212678 10.775350341980346
0.6391087319582263 10.769845192888663
0.600012846888022 10.765777520959452
0.5602683401276616 10.762963121163839
0.5201329700547076 10.76104835935474
0.4798670299452924 10.760182565285266
0.4397316598723385 10.760065842042648
0.39998715311197774 10.760726717137564
0.3608912680417736 10.762019792507637
0.3226975564787321 10.763956234830918
0.2856537192984729 10.76649370927672
0.25000000000000006 10.769563353640297
0.21596762663442204 10.773150922737583
0.1837773122023113 10.777138633604267
0.1536378232452003 10.781561200136121
0.12574462591444946 10.78631064786939
0.10027861829824941 10.791377911769812
0.07740495722810259 10.796594982441889
0.057271987173395045 10.801886545788621
0.04001027817058789 10.807247170807283
0.02573177902642726 10.81236674429112
0.014529091286973994 10.81727153397683
0.006474868681043577 10.82225598206473
0.0016213459328949797 10.830618080841951
0.0 10.835
0.0016213459328949797 10.839381919158049
0.006474868681043577 10.84774401793527
0.014529091286973994 10.85272846602317
0.02573177902642726 10.85763325570888
0.04001027817058789 10.862752829192717
0.057271987173395045 10.868113454211379
0.07740495722810259 10.873405017558111
0.10027861829824941 10.878622088230188
0.12574462591444946 10.88368935213061
0.1536378232452003 10.888438799863879
0.1837773122023113 10.892861366395733
0.21596762663442204 10.896849077262416
0.25000000000000006 10.900436646359703
0.2856537192984729 10.90350629072328
0.3226975564787321 10.906043765169082
0.3608912680417736 10.907980207492363
0.39998715311197774 10.909273282862436
0.4397316598723385 10.909934157957352
0.4798670299452924 10.909817434714734
0.5201329700547076 10.90895164064526
0.5602683401276616 10.907036878836161
0.600012846888022 10.904222479040548
0.6391087319582263 10.900154807111337
0.6773024435212678 10.894649658019654
0.7143462807015272 10.888278762419734
0.7500000000000001 10.881279654622006
0.7840323733655779 10.874360310317472
0.8162226877976886 10.86752691143531
0.8463621767547997 10.861075756602235
0.8742553740855504 10.855221663339128
0.8997213817017504 10.849986873690275
0.9225950427718973 10.845481618300406
0.9427280128266049 10.841908345863567
0.9599897218294121 10.839239516003927
0.9742682209735727 10.837463352369578
0.985470908713026 10.836285343819103
0.9935251313189564 10.83553194783629
0.9983786540671049 10.835123304209132
1.0 10.835
ENDGEOM