DFDC Version 0.6
FatDuct + CB test case

OPER
! Vinf    Vref     RPM
  20.0     20.0     8000
! Rho     Mu       Vso     altkm
  0.0     0.0      0.0     0.0
! XDwake  Nwake
  0.1     20
! Lwkrlx
  F
ENDOPER

ACTDISK
! Xdisk   NRPdef
  0.05     11
! #stations
  3
! r     BGam
 0.02   0.0
 0.06   0.0
 0.10   0.0
ENDACTDISK


AERO
! #sections
  1
! Xisect
  0.0
! A0deg        dCLda      CLmax   CLmin
  0.0          6.28       1.5     -1.0
! dCLda_stall  dCL_stall  CM      Mcrit
  0.5          0.2        0.0     0.7
! CDmin        CL@CDmin   dCDdCL2
  0.012        0.1        0.005
! REref        REexp
  200000.      0.35
ENDAERO

GEOM
Sm. centerbody
0.0 1.959434878635765e-17
0.0022165744517793845 0.026508356229941663
0.008851922471228294 0.052458569975168776
0.019863011280247884 0.07719291577380673
0.035178429742609235 0.10008318017434358
0.054698851492574106 0.12045583354158944
0.07829767910449183 0.13756595190520027
0.1058218651256836 0.1505502023114588
0.13709290464790272 0.15835952155720223
0.17190799298016213 0.16
0.21004134091497823 0.16
0.25124563905802383 0.16
0.29525366172445106 0.16
0.34178000000000003 0.16
0.3905229127273282 0.16
0.4411662834132042 0.16
0.49338167036526953 0.16
0.546830436762447 0.16
0.6011659468446713 0.16
0.6560358139788081 0.16
0.7110841860211918 0.16
0.7659540531553286 0.15973940996798805
0.8202895632375526 0.14462075811928324
0.8737383296347302 0.1304851127761579
0.9259537165867955 0.11667566045084794
0.9765970872726717 0.10328196074080602
1.0253400000000001 0.09039087692823726
1.0718663382755487 0.07808601263838223
1.115874360941976 0.06644716963792552
1.1570786590850217 0.05554983028991666
1.1952120070198375 0.045464668021681
1.2300270953520969 0.03625708898052305
1.2612981348743162 0.027986807849763623
1.288822320895508 0.020707460576103783
1.3124211485074257 0.01446625651992858
1.3319415702573907 0.009303672284489573
1.347256988719752 0.00525318920959999
1.3582680775287714 0.002341076232298869
1.3649034255482204 0.0005862195227136785
1.36712 1.1453475307040285e-18
999.0 999.0
1.0 2.835
0.9983786540671049 2.8348766957908675
0.9935251313189564 2.83446805216371
0.985470908713026 2.8337146561808964
0.9742682209735727 2.8325366476304206
0.9599897218294121 2.830760483996073
0.9427280128266049 2.8280916541364327
0.9225950427718973 2.8245183816995936
0.8997213817017504 2.8200131263097252
0.8742553740855504 2.8147783366608725
0.8463621767547997 2.8089242433977653
0.8162226877976886 2.8024730885646907
0.7840323733655779 2.7956396896825284
0.7500000000000001 2.7887203453779943
0.7143462807015272 2.7817212375802667
0.6773024435212678 2.7753503419803462
0.6391087319582263 2.769845192888663
0.600012846888022 2.7657775209594515
0.5602683401276616 2.76296312116384
0.5201329700547076 2.7610483593547404
0.4798670299452924 2.7601825652852656
0.4397316598723385 2.7600658420426485
0.39998715311197774 2.7607267171375636
0.3608912680417736 2.7620197925076364
0.3226975564787321 2.7639562348309177
0.2856537192984729 2.7664937092767192
0.25000000000000006 2.7695633536402977
0.21596762663442204 2.773150922737584
0.1837773122023113 2.7771386336042667
0.1536378232452003 2.781561200136122
0.12574462591444946 2.7863106478693913
0.10027861829824941 2.7913779117698123
0.07740495722810259 2.7965949824418885
0.057271987173395045 2.801886545788622
0.04001027817058789 2.8072471708072833
0.02573177902642726 2.81236674429112
0.014529091286973994 2.8172715339768306
0.006474868681043577 2.82225598206473
0.0016213459328949797 2.8306180808419503
0.0 2.835
0.0016213459328949797 2.8393819191580496
0.006474868681043577 2.8477440179352698
0.014529091286973994 2.8527284660231698
0.02573177902642726 2.8576332557088797
0.04001027817058789 2.8627528291927167
0.057271987173395045 2.868113454211378
0.07740495722810259 2.873405017558112
0.10027861829824941 2.8786220882301876
0.12574462591444946 2.8836893521306086
0.1536378232452003 2.888438799863878
0.1837773122023113 2.892861366395733
0.21596762663442204 2.896849077262416
0.25000000000000006 2.900436646359702
0.2856537192984729 2.9035062907232807
0.3226975564787321 2.9060437651690822
0.3608912680417736 2.9079802074923635
0.39998715311197774 2.9092732828624364
0.4397316598723385 2.9099341579573514
0.4798670299452924 2.9098174347147343
0.5201329700547076 2.9089516406452596
0.5602683401276616 2.9070368788361605
0.600012846888022 2.904222479040549
0.6391087319582263 2.900154807111337
0.6773024435212678 2.894649658019654
0.7143462807015272 2.8882787624197332
0.7500000000000001 2.8812796546220056
0.7840323733655779 2.8743603103174715
0.8162226877976886 2.8675269114353092
0.8463621767547997 2.8610757566022347
0.8742553740855504 2.855221663339128
0.8997213817017504 2.8499868736902747
0.9225950427718973 2.8454816183004064
0.9427280128266049 2.841908345863567
0.9599897218294121 2.8392395160039268
0.9742682209735727 2.837463352369579
0.985470908713026 2.836285343819104
0.9935251313189564 2.83553194783629
0.9983786540671049 2.8351233042091324
1.0 2.835
ENDGEOM