DFDC Version 0.6
FatDuct + CB test case

OPER
! Vinf    Vref     RPM
  20.0     20.0     8000
! Rho     Mu       Vso     altkm
  0.0     0.0      0.0     0.0
! XDwake  Nwake
  0.8     20
! Lwkrlx
  F
ENDOPER

ACTDISK
! Xdisk   NRPdef
  0.1     11
! #stations
  3
! r     BGam
 0.02   0.0
 0.06   0.0
 0.10   0.0
ENDACTDISK


AERO
! #sections
  1
! Xisect
  0.0
! A0deg        dCLda      CLmax   CLmin
  0.0          6.28       1.5     -1.0
! dCLda_stall  dCL_stall  CM      Mcrit
  0.5          0.2        0.0     0.7
! CDmin        CL@CDmin   dCDdCL2
  0.012        0.1        0.005
! REref        REexp
  200000.      0.35
ENDAERO

GEOM
Sm. centerbody
0.0 0.0
0.000540424431305552 0.0
0.002160843203114517 0.0
0.004858694100279055 0.0
0.008629711265999967 0.0
0.013467931947022883 0.0
0.0193657059219773 0.0
0.0263137075979485 0.0
0.03430095075615687 0.0
0.043314805923428366 0.0
0.05334102034198703 0.0
0.06436374050599492 0.0
0.07636553722920339 0.0
0.08932743320407899 0.0
0.10322893300882725 0.0
0.11804805551486774 0.0
0.133761368643516 0.0
0.15034402641691638 0.0
0.16776980824464022 0.0
0.18601116038382862 0.0
0.20503923950732358 0.0
0.2248239583108968 0.0
0.2453340330874619 0.0
0.26653703319304584 0.0
0.2883994323263026 0.0
0.3108866615404869 0.0
0.33396316390406483 0.0
0.3575924507235303 0.0
0.3817371592395312 0.0
0.4063591117050699 0.0
0.431419375752369 0.0
0.45687832595294847 0.0
0.48269570647357074 0.0
0.508830694728989 0.0
0.5352419659308453 0.0
0.5618877584306536 0.0
0.5887259397535525 0.0
0.6157140732184054 0.0
0.6428094850389179 0.0
0.6699693317996644 0.0
0.6971506682003352 0.0
0.7243105149610818 0.0
0.7514059267815946 0.0
0.7783940602464474 0.0
0.8052322415693459 0.0
0.8318780340691546 0.0
0.8582893052710107 0.0
0.8844242935264292 0.0
0.9102416740470514 0.0
0.9357006242476307 0.0
0.96076088829493 0.0
0.9853828407604683 0.0
1.0095275492764697 0.0
1.0331568360959351 0.0
1.0562333384595128 0.0
1.0787205676736973 0.0
1.1005829668069538 0.0
1.1217859669125376 0.0
1.1422960416891033 0.0
1.1620807604926762 0.0
1.181108839616171 0.0
1.1993501917553597 0.0
1.2167759735830834 0.0
1.233358631356484 0.0
1.2490719444851321 0.0
1.2638910669911725 0.0
1.277792566795921 0.0
1.2907544627707965 0.0
1.302756259494005 0.0
1.3137789796580128 0.0
1.3238051940765716 0.0
1.3328190492438432 0.0
1.3408062924020514 0.0
1.3477542940780225 0.0
1.353652068052977 0.0
1.358490288734 0.0
1.3622613058997208 0.0
1.3649591567968853 0.0
1.3665795755686942 0.0
1.36712 0.0
999.   999.
     0.304542    0.159526
     0.301294    0.160867
     0.295521    0.163212
     0.288737    0.165906
     0.281205    0.168823
     0.273227    0.171824
     0.265017    0.174826
     0.256686    0.177779
     0.248290    0.180665
     0.239852    0.183474
     0.231388    0.186201
     0.222903    0.188840
     0.214403    0.191391
     0.205894    0.193850
     0.197378    0.196212
     0.188861    0.198473
     0.180346    0.200628
     0.171840    0.202672
     0.163348    0.204599
     0.154879    0.206397
     0.146447    0.208061
     0.138071    0.209579
     0.129796    0.210936
     0.121692    0.212101
     0.113723    0.213033
     0.105844    0.213734
     0.098044    0.214196
     0.090331    0.214410
     0.082716    0.214366
     0.075224    0.214056
     0.067885    0.213469
     0.060745    0.212602
     0.053867    0.211459
     0.047338    0.210054
     0.041257    0.208424
     0.035727    0.206629
     0.030821    0.204736
     0.026564    0.202814
     0.022923    0.200917
     0.019833    0.199074
     0.017212    0.197301
     0.014985    0.195594
     0.013087    0.193949
     0.011464    0.192354
     0.010074    0.190797
     0.008889    0.189269
     0.007886    0.187758
     0.007052    0.186260
     0.006376    0.184769
     0.005857    0.183284
     0.005490    0.181808
     0.005273    0.180362
     0.005200    0.178929
     0.005278    0.177434
     0.005537    0.175917
     0.005989    0.174411
     0.006638    0.172947
     0.007475    0.171539
     0.008499    0.170194
     0.009710    0.168906
     0.011121    0.167665
     0.012754    0.166463
     0.014645    0.165289
     0.016844    0.164134
     0.019419    0.162993
     0.022464    0.161862
     0.026092    0.160749
     0.030436    0.159663
     0.035616    0.158640
     0.041701    0.157716
     0.048662    0.156938
     0.056373    0.156335
     0.064665    0.155911
     0.073386    0.155649
     0.082418    0.155522
     0.091671    0.155497
     0.101076    0.155542
     0.110545    0.155628
     0.120000    0.155725
     0.129277    0.155826
     0.138552    0.155974
     0.147863    0.156160
     0.157220    0.156372
     0.166616    0.156600
     0.176039    0.156835
     0.185468    0.157069
     0.194889    0.157293
     0.204297    0.157505
     0.213688    0.157698
     0.223068    0.157869
     0.232435    0.158019
     0.241793    0.158145
     0.251134    0.158247
     0.260440    0.158325
     0.269651    0.158382
     0.278633    0.158416
     0.287104    0.158436
     0.294661    0.158441
     0.300974    0.158441
     0.304466    0.158439
ENDGEOM
