DFDC Version 0.6
FatDuct + CB test case

OPER
! Vinf    Vref     RPM
  20.0     20.0     8000
! Rho     Mu       Vso     altkm
  0.0     0.0      0.0     0.0
! XDwake  Nwake
  0.8     20
! Lwkrlx
  F
ENDOPER

ACTDISK
! Xdisk   NRPdef
  0.12     11
! #stations
  3
! r     BGam
 0.02   0.0
 0.06   0.0
 0.10   0.0
ENDACTDISK


AERO
! #sections
  1
! Xisect
  0.0
! A0deg        dCLda      CLmax   CLmin
  0.0          6.28       1.5     -1.0
! dCLda_stall  dCL_stall  CM      Mcrit
  0.5          0.2        0.0     0.7
! CDmin        CL@CDmin   dCDdCL2
  0.012        0.1        0.005
! REref        REexp
  200000.      0.35
ENDAERO

GEOM
Sm. centerbody
     0.306379    0.035928
     0.292091    0.040403
     0.276572    0.043281
     0.260271    0.044643
     0.244398    0.044838
     0.229266    0.044853
     0.214636    0.044868
     0.200309    0.044882
     0.186308    0.044896
     0.172741    0.044909
     0.159679    0.044922
     0.147207    0.044935
     0.135400    0.044946
     0.124289    0.044957
     0.113904    0.044968
     0.104152    0.044994
     0.094965    0.044781
     0.086348    0.044345
     0.078293    0.043706
     0.070801    0.042885
     0.063862    0.041904
     0.057464    0.040787
     0.051593    0.039561
     0.046229    0.038246
     0.041346    0.036865
     0.036911    0.035437
     0.032897    0.033980
     0.029262    0.032504
     0.025974    0.031020
     0.022996    0.029533
     0.020297    0.028047
     0.017845    0.026562
     0.015615    0.025079
     0.013583    0.023594
     0.011727    0.022103
     0.010030    0.020601
     0.008477    0.019080
     0.007055    0.017533
     0.005755    0.015947
     0.004569    0.014306
     0.003490    0.012591
     0.002516    0.010766
     0.001647    0.008775
     0.000889    0.006496
     0.000261    0.003555
     0.000000    0.000000
     0.000261   -0.003555
     0.000889   -0.006496
     0.001647   -0.008775
     0.002516   -0.010766
     0.003490   -0.012591
     0.004569   -0.014306
     0.005755   -0.015947
     0.007055   -0.017533
     0.008477   -0.019080
     0.010030   -0.020601
     0.011727   -0.022103
     0.013583   -0.023594
     0.015615   -0.025079
     0.017845   -0.026562
     0.020297   -0.028047
     0.022996   -0.029533
     0.025974   -0.031020
     0.029262   -0.032504
     0.032897   -0.033980
     0.036911   -0.035437
     0.041346   -0.036865
     0.046229   -0.038246
     0.051593   -0.039561
     0.057464   -0.040787
     0.063862   -0.041904
     0.070801   -0.042885
     0.078293   -0.043706
     0.086348   -0.044345
     0.094965   -0.044781
     0.104152   -0.044994
     0.113904   -0.044968
     0.124289   -0.044957
     0.135400   -0.044946
     0.147207   -0.044935
     0.159679   -0.044922
     0.172741   -0.044909
     0.186308   -0.044896
     0.200309   -0.044882
     0.214636   -0.044868
     0.229266   -0.044853
     0.244398   -0.044838
     0.260271   -0.044643
     0.276572   -0.043281
     0.292091   -0.040403
     0.306379   -0.035928
999.   999.
1.0 10.834999999999999
0.9996046986136509 10.834970795790312
0.9984194195073479 10.834879903709702
0.9964460368509866 10.834719388492964
0.9936876709681667 10.834482317243793
0.9901486834023181 10.834163025603319
0.985834670020205 10.833750532991042
0.9807524521637102 10.833235048310232
0.9749100658638914 10.832607983333935
0.9683167491343639 10.831841144768214
0.9609829273641033 10.830896207371424
0.9529201968327616 10.82973882297737
0.944141306374566 10.828329906990273
0.9346601372197912 10.826701032867632
0.9244916810456819 10.824870084885417
0.9136520162715287 10.822814495755013
0.9021582826353824 10.820511006282388
0.890028654092606 10.818028779472437
0.8772823100791152 10.815404722821112
0.8639394051847469 10.81263185170665
0.8500210372847126 10.8097012572293
0.8355492141795184 10.80661679328475
0.8205468187961099 10.803400499930364
0.8050375730052621 10.800079311661948
0.7890460001124242 10.796687283595803
0.7725973860813337 10.793281632394073
0.7557177395517111 10.789864759056059
0.7384337507142531 10.786418808338636
0.7207727491079557 10.78293912532462
0.7027626604064969 10.779614144877815
0.6844319622620039 10.776496347624914
0.6658096392760339 10.773575563643242
0.6469251371689605 10.770857755731058
0.6278083162202373 10.768506574944942
0.608489404053159 10.766531413429155
0.5889989478387749 10.764889795841702
0.5693677659945341 10.763525959399955
0.5496268994540309 10.76236058874051
0.5298075625849098 10.76141644119801
0.509941093832535 10.76073250409582
0.49005890616746484 10.760324076791392
0.47019243741509004 10.760087360675492
0.45037310054596924 10.76002239083465
0.43063223400546585 10.76014979958192
0.41100105216122484 10.760475921982577
0.391510595946841 10.760952387604892
0.37219168377976264 10.76157827384539
0.35307486283103956 10.762359251260643
0.3341903607239661 10.76329948398609
0.31556803773799597 10.764395242647092
0.29723733959350307 10.765632713807392
0.27922725089204403 10.766997203251051
0.2615662492857469 10.768486875353062
0.244282260448289 10.77012384683361
0.22740261391866617 10.771880519875628
0.2109539998875758 10.773726838908972
0.19496242699473776 10.775662848900305
0.17945318120388987 10.777734833761567
0.16445078582048162 10.779905826874273
0.14997896271528732 10.78213703957585
0.13606059481525296 10.784442258071362
0.12271768992088494 10.786881918793238
0.10997134590739394 10.789385574880104
0.09784171736461761 10.791888504789318
0.08634798372847136 10.794424205126843
0.07550831895431803 10.79707342909317
0.06533986278020876 10.799719824151365
0.05585869362543405 10.802269496008078
0.047079803167238365 10.804854224046085
0.039017072635896655 10.807597576712762
0.03168325086563606 10.810234255755772
0.02508993413610866 10.812592632671855
0.01924754783628979 10.81491095519587
0.014165329979794972 10.8174711302724
0.009851316597681903 10.820024488927395
0.006312329031833319 10.822368424627019
0.003553963149013295 10.826131280973254
0.0015805804926520839 10.830723310760307
0.0003953013863490784 10.833903320075388
0.0 10.835
0.0003953013863490784 10.836096679924612
0.0015805804926520839 10.839276689239693
0.003553963149013295 10.843868719026746
0.006312329031833319 10.847631575372981
0.009851316597681903 10.849975511072605
0.014165329979794972 10.8525288697276
0.01924754783628979 10.85508904480413
0.02508993413610866 10.857407367328145
0.03168325086563606 10.859765744244228
0.039017072635896655 10.86240242328724
0.047079803167238365 10.865145775953915
0.05585869362543405 10.867730503991922
0.06533986278020876 10.870280175848634
0.07550831895431803 10.87292657090683
0.08634798372847136 10.875575794873157
0.09784171736461761 10.878111495210682
0.10997134590739394 10.880614425119896
0.12271768992088494 10.883118081206762
0.13606059481525296 10.885557741928638
0.14997896271528732 10.88786296042415
0.16445078582048162 10.890094173125727
0.17945318120388987 10.892265166238433
0.19496242699473776 10.894337151099695
0.2109539998875758 10.896273161091028
0.22740261391866617 10.898119480124372
0.244282260448289 10.899876153166392
0.2615662492857469 10.901513124646938
0.27922725089204403 10.903002796748948
0.29723733959350307 10.904367286192608
0.31556803773799597 10.905604757352908
0.3341903607239661 10.90670051601391
0.35307486283103956 10.907640748739357
0.37219168377976264 10.90842172615461
0.391510595946841 10.909047612395106
0.41100105216122484 10.909524078017423
0.43063223400546585 10.909850200418079
0.45037310054596924 10.90997760916535
0.47019243741509004 10.909912639324508
0.49005890616746484 10.909675923208608
0.509941093832535 10.90926749590418
0.5298075625849098 10.90858355880199
0.5496268994540309 10.90763941125949
0.5693677659945341 10.906474040600045
0.5889989478387749 10.905110204158298
0.608489404053159 10.903468586570845
0.6278083162202373 10.901493425055058
0.6469251371689605 10.899142244268942
0.6658096392760339 10.896424436356758
0.6844319622620039 10.893503652375088
0.7027626604064969 10.890385855122185
0.7207727491079557 10.88706087467538
0.7384337507142531 10.883581191661364
0.7557177395517111 10.880135240943941
0.7725973860813337 10.876718367605926
0.7890460001124242 10.873312716404197
0.8050375730052621 10.869920688338052
0.8205468187961099 10.866599500069638
0.8355492141795184 10.86338320671525
0.8500210372847126 10.860298742770699
0.8639394051847469 10.85736814829335
0.8772823100791152 10.854595277178888
0.890028654092606 10.851971220527563
0.9021582826353824 10.849488993717612
0.9136520162715287 10.847185504244987
0.9244916810456819 10.845129915114583
0.9346601372197912 10.84329896713237
0.944141306374566 10.841670093009729
0.9529201968327616 10.84026117702263
0.9609829273641033 10.839103792628576
0.9683167491343639 10.838158855231786
0.9749100658638914 10.837392016666065
0.9807524521637102 10.836764951689767
0.985834670020205 10.836249467008958
0.9901486834023181 10.835836974396681
0.9936876709681667 10.835517682756207
0.9964460368509866 10.835280611507036
0.9984194195073479 10.835120096290298
0.9996046986136509 10.835029204209688
1.0 10.835
ENDGEOM
